dmu_obj [*]
 :=
 1 1.03989
 2 1.11489
 3 1.02517
 4 0.893319
 5 0.943195
 6 1.01829
 7 0.963918
 8 0.90565
 9 0.841304
10 0.993908
11 0.887548
12 0.852777
13 0.793974
14 0.86705
15 0.829879
16 0.795496
17 0.834852
18 1.167
19 0.881129
20 0.722751
21 0.851673
22 0.958006
23 0.845729
24 0.906581
25 0.720726
26 1.18907
27 0.948814
28 0.994087
29 0.998082
30 1.02194
31 0.937754
32 0.745765
33 0.945327
34 0.935802
35 0.847107
36 0.860211
37 0.754676
38 0.814589
39 0.888157
40 0.840946
41 0.956584
42 1.07676
43 1.09209
44 1.04529
45 0.958871
;

peers [*,*]
:        1            2          3       4   5       6       7   8   9  10  11  12  13  14  15  16  17      18         19     20  21  22  23  24  25      26      27      28         29         30      31  32      33     34  35  36  37  38  39  40      41          42          43          44     45    :=
1    0            0.222279    0          0   0   0           0   0   0   0   0   0   0   0   0   0   0   0          0          0   0   0   0   0   0   0           0   0          0          0           0   0   0          0   0   0   0   0   0   0   0           0           0           0.748151   0
2    0            0           0          0   0   0           0   0   0   0   0   0   0   0   0   0   0   0          0          0   0   0   0   0   0   0           0   0.102002   0          0.944418    0   0   0          0   0   0   0   0   0   0   0.0131189   0           0           0          0
3    0            0.285346    0          0   0   0           0   0   0   0   0   0   0   0   0   0   0   0          0          0   0   0   0   0   0   0.421977    0   0          0          0           0   0   0          0   0   0   0   0   0   0   0           0.376199    0           0          0
4    0            0           0          0   0   0           0   0   0   0   0   0   0   0   0   0   0   0.667742   0          0   0   0   0   0   0   0.321334    0   0          0          0           0   0   0          0   0   0   0   0   0   0   0           0           0           0          0
5    0.0152068    0           0          0   0   0           0   0   0   0   0   0   0   0   0   0   0   0          0          0   0   0   0   0   0   0           0   0          0          0           0   0   0          0   0   0   0   0   0   0   0           0           0           0.846623   0
6    0            0.0199114   0.966452   0   0   0           0   0   0   0   0   0   0   0   0   0   0   0          0          0   0   0   0   0   0   0           0   0          0          0           0   0   0          0   0   0   0   0   0   0   0           0           0           0          0
7    0            0           0          0   0   0           0   0   0   0   0   0   0   0   0   0   0   0          0          0   0   0   0   0   0   0           0   0          0          0.737961    0   0   0          0   0   0   0   0   0   0   0           0.199866    0           0          0
8    0            0           0          0   0   0           0   0   0   0   0   0   0   0   0   0   0   0.860879   0          0   0   0   0   0   0   0.141747    0   0          0          0           0   0   0          0   0   0   0   0   0   0   0           0           0.0514739   0          0
9    0            0           0          0   0   0           0   0   0   0   0   0   0   0   0   0   0   0.50539    0          0   0   0   0   0   0   0           0   0          0          0           0   0   0          0   0   0   0   0   0   0   0           0           0           0.426863   0
10   0            0           0          0   0   0           0   0   0   0   0   0   0   0   0   0   0   0.621193   0          0   0   0   0   0   0   0           0   0          0          0           0   0   0          0   0   0   0   0   0   0   0           0           0           0.310596   0
11   0            0           0.131443   0   0   0           0   0   0   0   0   0   0   0   0   0   0   0.551746   0          0   0   0   0   0   0   0.22242     0   0          0          0           0   0   0          0   0   0   0   0   0   0   0           0.132409    0           0          0
12   0            0           0          0   0   0           0   0   0   0   0   0   0   0   0   0   0   0.158566   0          0   0   0   0   0   0   0           0   0          0          0.107751    0   0   0          0   0   0   0   0   0   0   0           0           0           0.673428   0
13   0            0           0          0   0   0           0   0   0   0   0   0   0   0   0   0   0   0.080752   0          0   0   0   0   0   0   0           0   0          0          0           0   0   0          0   0   0   0   0   0   0   0           0           0           0.564222   0
14   0            0           0          0   0   0.192425    0   0   0   0   0   0   0   0   0   0   0   0.789172   0          0   0   0   0   0   0   0.0139168   0   0          0          0           0   0   0          0   0   0   0   0   0   0   0           0           0           0          0
15   0            0           0          0   0   0.0789218   0   0   0   0   0   0   0   0   0   0   0   0.818361   0          0   0   0   0   0   0   0.087183    0   0          0          0           0   0   0          0   0   0   0   0   0   0   0           0           0           0          0
16   0            0           0          0   0   0           0   0   0   0   0   0   0   0   0   0   0   0.790262   0          0   0   0   0   0   0   0           0   0          0          0           0   0   0          0   0   0   0   0   0   0   0           0           0           0          0
17   0            0           0          0   0   0           0   0   0   0   0   0   0   0   0   0   0   0.458499   0          0   0   0   0   0   0   0           0   0          0          0           0   0   0          0   0   0   0   0   0   0   0           0           0           0.412541   0
18   0            0           0          0   0   0           0   0   0   0   0   0   0   0   0   0   0   0          0.246178   0   0   0   0   0   0   0.160176    0   0          0          0           0   0   0.533817   0   0   0   0   0   0   0   0           0           0.0614591   0          0
19   0            0           0          0   0   0           0   0   0   0   0   0   0   0   0   0   0   0.983189   0          0   0   0   0   0   0   0           0   0          0          0           0   0   0          0   0   0   0   0   0   0   0           0           0.0419452   0          0
20   0            0           0          0   0   0           0   0   0   0   0   0   0   0   0   0   0   0.516042   0          0   0   0   0   0   0   0           0   0          0          0.0789368   0   0   0          0   0   0   0   0   0   0   0           0           0           0          0
21   0            0.334172    0          0   0   0           0   0   0   0   0   0   0   0   0   0   0   0.34651    0          0   0   0   0   0   0   0           0   0          0          0.266976    0   0   0          0   0   0   0   0   0   0   0           0.0575569   0           0          0
22   0            0           0          0   0   0           0   0   0   0   0   0   0   0   0   0   0   0.299534   0          0   0   0   0   0   0   0           0   0          0          0           0   0   0          0   0   0   0   0   0   0   0           0           0           0.701061   0
23   0            0           0          0   0   0           0   0   0   0   0   0   0   0   0   0   0   0.226971   0          0   0   0   0   0   0   0           0   0          0          0           0   0   0          0   0   0   0   0   0   0   0           0           0           0.706717   0
24   0            0           0          0   0   0           0   0   0   0   0   0   0   0   0   0   0   0.917693   0          0   0   0   0   0   0   0           0   0          0          0           0   0   0          0   0   0   0   0   0   0   0           0.139367    0.0217046   0          0
25   0            0.429829    0          0   0   0           0   0   0   0   0   0   0   0   0   0   0   0          0          0   0   0   0   0   0   0           0   0          0          0           0   0   0          0   0   0   0   0   0   0   0           0.188343    0           0          0
26   0            0           0          0   0   0           0   0   0   0   0   0   0   0   0   0   0   1.37017    0          0   0   0   0   0   0   0           0   0          0          0           0   0   0          0   0   0   0   0   0   0   0           0           0           0          0
27   0            0           0          0   0   0           0   0   0   0   0   0   0   0   0   0   0   0.786517   0          0   0   0   0   0   0   0           0   0          0          0           0   0   0          0   0   0   0   0   0   0   0           0           0           0          0
28   0.0258781    0.815167    0          0   0   0           0   0   0   0   0   0   0   0   0   0   0   0          0          0   0   0   0   0   0   0           0   0          0          0           0   0   0          0   0   0   0   0   0   0   0           0           0           0.101923   0
29   0            0           0          0   0   0           0   0   0   0   0   0   0   0   0   0   0   0.15444    0          0   0   0   0   0   0   0           0   0          0          0.65361     0   0   0          0   0   0   0   0   0   0   0           0           0           0.129851   0
30   0            0.534935    0          0   0   0           0   0   0   0   0   0   0   0   0   0   0   0.149589   0          0   0   0   0   0   0   0           0   0          0.319109   0           0   0   0          0   0   0   0   0   0   0   0           0           0           0          0
31   0            0.651235    0          0   0   0           0   0   0   0   0   0   0   0   0   0   0   0          0          0   0   0   0   0   0   0           0   0          0          0           0   0   0          0   0   0   0   0   0   0   0           0.228721    0           0          0
32   0            0.360136    0          0   0   0           0   0   0   0   0   0   0   0   0   0   0   0          0          0   0   0   0   0   0   0           0   0          0          0           0   0   0          0   0   0   0   0   0   0   0           0.355992    0           0          0
33   0            0.423811    0          0   0   0           0   0   0   0   0   0   0   0   0   0   0   0.485275   0          0   0   0   0   0   0   0.11405     0   0          0          0           0   0   0          0   0   0   0   0   0   0   0           0           0           0          0
34   0            0.106997    0          0   0   0.470198    0   0   0   0   0   0   0   0   0   0   0   0.12626    0          0   0   0   0   0   0   0           0   0          0          0           0   0   0          0   0   0   0   0   0   0   0           0.31909     0           0          0
35   0            0           0          0   0   0           0   0   0   0   0   0   0   0   0   0   0   0.720496   0          0   0   0   0   0   0   0.239739    0   0          0          0           0   0   0          0   0   0   0   0   0   0   0           0           0.0484884   0          0
36   0            0           0          0   0   0           0   0   0   0   0   0   0   0   0   0   0   0.538337   0          0   0   0   0   0   0   0           0   0          0          0.0482164   0   0   0          0   0   0   0   0   0   0   0           0.348172    0           0          0
37   0            0           0          0   0   0           0   0   0   0   0   0   0   0   0   0   0   0.574282   0          0   0   0   0   0   0   0           0   0          0          0           0   0   0          0   0   0   0   0   0   0   0           0           0           0          0
38   0            0           0          0   0   0           0   0   0   0   0   0   0   0   0   0   0   0.278478   0          0   0   0   0   0   0   0           0   0          0          0           0   0   0          0   0   0   0   0   0   0   0           0           0           0.654237   0
39   0            0           0          0   0   0           0   0   0   0   0   0   0   0   0   0   0   0.32738    0          0   0   0   0   0   0   0           0   0          0          0           0   0   0          0   0   0   0   0   0   0   0           0           0           0.582673   0
40   0            0.403367    0          0   0   0           0   0   0   0   0   0   0   0   0   0   0   0          0          0   0   0   0   0   0   0           0   0          0          0           0   0   0          0   0   0   0   0   0   0   0           0.290082    0           0          0
41   0            0.717294    0          0   0   0           0   0   0   0   0   0   0   0   0   0   0   0          0          0   0   0   0   0   0   0           0   0          0          0.0755593   0   0   0          0   0   0   0   0   0   0   0           0.0898923   0           0          0
42   0            0.292431    0          0   0   0.835255    0   0   0   0   0   0   0   0   0   0   0   0          0          0   0   0   0   0   0   0           0   0          0          0           0   0   0          0   0   0   0   0   0   0   0           0           0           0          0
43   0            0           0          0   0   0           0   0   0   0   0   0   0   0   0   0   0   0          0          0   0   0   0   0   0   1.0078      0   0          0          0           0   0   0          0   0   0   0   0   0   0   0           0           0           0          0
44   0.00791883   0.970966    0          0   0   0           0   0   0   0   0   0   0   0   0   0   0   0          0          0   0   0   0   0   0   0           0   0          0          0           0   0   0          0   0   0   0   0   0   0   0           0           0           0          0
45   0.417786     0           0          0   0   0           0   0   0   0   0   0   0   0   0   0   0   0          0          0   0   0   0   0   0   0           0   0          0          0           0   0   0          0   0   0   0   0   0   0   0           0           0           0.559608   0
;

